-72
48
51
-77
46
97
45
-43
-54
49
-17
99
-25
87
-52
17
49
-56
-85
-82
56
94
27
-89
43
38
-53
22
45
19
-8
25
32
-79
21
-45
44
-1
-53
-64
34
33
-9
-75
38
73
-3
17
-86
-59
-39
-30
83
46
94
79
-10
-39
23
-72
-48
41
96
73
-70
17
93
-76
-55
90
-14
-77
6
90
17
80
-70
59
-53
-78
-100
-16
-54
31
-69
-36
-27
53
37
-31
-19
72
-26
67
-63
16
-66
1
-17
-85
-35
-54
73
13
-68
-22
22
-65
-92
12
40
-86
8
-23
-20
-57
-38
-48
-46
70
-21
57
-6
5
50
-76
22
82
47
-94
-76
-54
-89
-21
-46
-10
-26
-19
82
19
-72
-24
-64
-35
80
35
-18
78
-23
50
18
-75
-99
99
-54
83
-45
-57
66
57
41
-84
16
15
-45
64
-67
95
-38
81
90
-90
81
-62
39
46
-49
1
84
76
71
61
-38
57
-66
80
-57
-97
75
25
-2
-86
85
22
-29
-98
-6
-53
73
-85
-70
30
-79
-31
-52
-69
96
-32
5
13
6
80
57
96
-46
79
-87
58
87
-9
91
-43
-71
-54
-41
13
-79
15
95
88
40
-67
-61
-29
48
47
-41
-58
-82
62
59
-6
-2
-58
98
-58
56
25
27
76
2
-34
-67
6
-22
45
64
91
60
49
58
49
18
47
-88
-21
74
38
35
42
-24
-16
23
57
-90
-74
65
80
-48
2
-34
63
31
29
-13
-71
94
35
92
56
74
84
37
52
-97
84
87
-37
-21
-67
-78
-93
-37
71
26
84
-56
83
-56
96
-49
60
-50
88
-72
62
19
75
-39
-9
-59
31
11
-80
28
52
85
-15
-2
-38
36
43
-25
42
13
79
-16
75
-56
-40
32
-51
-87
17
-77
-9
74
-43
33
84
76
55
53
-65
65
57
95
1
41
60
-76
95
3
81
-66
-54
3
26
-40
-47
93
-83
63
-59
-85
-34
100
71
60
54
2
-97
21
1
-91
-96
-90
-24
77
-98
47
64
99
80
84
-72
53
72
-82
6
-22
95
90
-34
-42
-88
-13
-37
17
55
-82
-11
-28
74
66
35
91
-88
50
51
44
30
-70
-90
57
-24
-58
-47
72
-23
-22
-2
-13
45
64
-73
-84
-78
-35
-84
-54
1
-17
12
-9
74
-30
-9
-14
12
-31
-86
26
3
33
-95
99
10
12
58
32
-23
-61
96
2
-93
4
64
-55
-65
-42
-24
-91
83
-97
-51
48
-12
75
61
53
26
-91
11
8
12
98
-59
-88
-23
-10
37
84
-53
53
71
-10
64
-42
-67
-62
14
-88
79
-13
-22
11
53
-22
72
-24
-14
90
29
81
15
-91
-81
-68
90
37
-17
13
31
-76
57
-84
72
-2
-30
84
-4
-50
-42
28
36
48
-100
9
-25
-81
-7
95
-29
93
-90
-13
-53
98
-24
73
2
7
100
-21
6
-69
6
-10
-84
-17
45
-12
49
-70
-26
-37
78
92
87
93
71
-21
-57
-23
-70
-99
79
-31
27
-55
5
-77
-57
-13
64
-30
-57
93
23
49
-23
-48
-86
49
-3
28
-8
55
-79
49
24
20
-89
87
76
4
29
-23
-16
5
60
21
6
64
-22
-12
34
9
-92
-38
-65
4
-10
-15
-13
-99
-19
-54
31
10
-67
-1
59
54
56
-13
57
-33
17
29
-70
-5
2
-4
64
3
26
-17
93
83
19
12
-31
43
10
-28
47
-87
-68
-97
-86
-35
-77
-60
72
-58
-56
93
58
27
22
0
-48
-74
83
33
-17
34
57
26
-87
-67
-35
-34
21
53
-22
-56
12
-1
78
3
-99
-64
53
78
-46
50
6
-47
22
49
1
-21
52
-29
-3
98
-98
-62
79
-20
31
-68
53
74
-77
49
-87
38
88
60
-77
-46
-35
69
78
58
75
58
-70
66
-91
-14
-8
-24
-11
-83
-47
44
-93
-45
-56
95
-14
-62
-78
13
27
-24
-55
-7
-94
-43
-24
-78
4
-4
81
-15
-25
84
-46
-43
18
9
54
-80
93
97
-6
-46
-66
-53
-2
-96
30
-95
79
-41
80
-81
-5
14
-20
-67
22
30
-13
-85
-85
60
73
4
-30
48
-63
48
-93
-7
91
-5
-98
-77
-43
-88
86
-82
-77
65
-42
-54
83
22
-28
-8
-26
60
93
-47
-58
-54
-93
17
-12
-100
77
93
-97
-100
-71
46
-21
-87
22
-7
-81
78
28
-12
-26
2
40
-55
-56
-29
90
-48
-65
67
-56
-80
71
26
82
40
-97
33
2
41
61
68
42
76
-100
60
-72
2
-92
3
0
-22
34
-98
-67
-91
7
-32
85
-1
30
80
81
90
-69
-76
19
24
-10
9
-38
-30
47
9
13
14
-14
99
-49
67
-73
38
79
40
-4
-90
58
8
84
-85
-71
-86
88
30
45
4
93
-6
49
71
-34
-43
-2
56
-97
75
39
-8
79
-54
-34
74
-14
-26
-52
-15
-67
44
17
64
10
89
52
64
-9
46
9
47
-41
-17
88
-19
6
-93
48
100
70
54
82
-44
-12
-66
-8
80
29
-56
-66
-43
8
88
-1
-35
78
-60
33
-52
-28
-46
15
-91
18
15
65
70
-19
20
12
9
-77
65
-62
-66
-22
55
-99
-38
93
7
-22